-195.859390,-3.000000,-112.853905
-1095.711426,-3.000000,259.553589
-1095.635376,-3.000000,261.914490
-1095.571167,-3.000000,263.907349
-1095.510864,-3.000000,265.779785
-1095.377441,-3.000000,269.919159
-1087.386230,-3.000000,453.119720
-1086.876831,-3.000000,456.480652
-1086.523804,-3.000000,458.667389
-1084.417236,-3.000000,469.345947
-1083.920044,-3.000000,471.718262
-1083.594604,-3.000000,473.210449
-1082.575562,-3.000000,477.437836
-1045.822876,-3.000000,556.162964
-1044.498657,-3.000000,557.899902
-1042.191772,-3.000000,560.845520
-1040.823608,-3.000000,562.566528
-1039.358154,-3.000000,564.382935
-1036.788208,-3.000000,567.496399
-1035.281128,-3.000000,569.299622
-973.374939,-3.000000,640.957092
-972.118530,-3.000000,642.652405
-970.941528,-3.000000,644.257935
-968.461914,-3.000000,647.711548
-967.299316,-3.000000,649.345642
-966.068115,-3.000000,651.091248
-963.547302,-3.000000,654.722412
-900.024597,-3.000000,765.248596
-897.530762,-3.000000,770.981934
-896.615295,-3.000000,773.086548
-895.598938,-3.000000,775.423096
-894.025574,-3.000000,779.040283
-852.230469,-3.000000,867.366943
-851.229736,-3.000000,868.943848
-850.149963,-3.000000,870.614990
-848.130066,-3.000000,873.650208
-847.007507,-3.000000,875.311096
-845.803101,-3.000000,877.066162
-843.685303,-3.000000,880.080017
-842.441528,-3.000000,881.827332
-781.619690,-3.000000,944.467834
-777.061768,-3.000000,947.430786
-775.531250,-3.000000,948.409790
-773.990051,-3.000000,949.380676
-772.050903,-3.000000,950.580750
-768.237671,-3.000000,952.867615
-766.143311,-3.000000,954.102844
-764.270996,-3.000000,955.191956
-614.404114,-3.000000,1013.364807
-612.373840,-3.000000,1013.680969
-607.885559,-3.000000,1014.362427
-605.431213,-3.000000,1014.731140
-603.381714,-3.000000,1015.037231
-509.438049,-3.000000,1022.332642
-507.124664,-3.000000,1022.230652
-504.396240,-3.000000,1022.099304
-500.425751,-3.000000,1021.888184
-498.368011,-3.000000,1021.774292
-495.617432,-3.000000,1021.615662
-414.920105,-3.000000,1015.153748
-410.969971,-3.000000,1014.542847
-408.465790,-3.000000,1014.130798
-406.487305,-3.000000,1013.790588
-402.259186,-3.000000,1013.003540
-332.899261,-3.000000,996.063843
-328.683716,-3.000000,994.903992
-326.452881,-3.000000,994.280762
-324.231049,-3.000000,993.649353
-319.953064,-3.000000,992.390076
-317.758881,-3.000000,991.731201
-315.702606,-3.000000,991.101196
-237.589569,-3.000000,952.506653
-235.270981,-3.000000,950.769104
-233.275085,-3.000000,949.249268
-228.889648,-3.000000,945.804443
-226.911057,-3.000000,944.229126
-134.253815,-3.000000,861.413452
-131.500336,-3.000000,858.762817
-129.967758,-3.000000,857.287476
-126.479187,-3.000000,853.929138
-124.525093,-3.000000,852.048035
-122.876274,-3.000000,850.460754
-120.913704,-3.000000,848.571472
-117.831261,-3.000000,845.604126
-49.762230,-3.000000,762.772156
-48.495380,-3.000000,760.762512
-46.182877,-3.000000,757.079224
-44.763401,-3.000000,754.815552
-43.490623,-3.000000,752.785828
-41.236076,-3.000000,749.190430
-39.955780,-3.000000,747.148682
7.166335,-3.000000,660.257080
8.239981,-3.000000,657.958069
10.156368,-3.000000,653.854492
11.296933,-3.000000,651.412231
12.199068,-3.000000,649.480469
14.070694,-3.000000,645.472778
15.099238,-3.000000,643.270386
49.586544,-3.000000,570.934631
50.778584,-3.000000,568.582703
52.905983,-3.000000,564.385254
54.038483,-3.000000,562.150757
55.173302,-3.000000,559.911682
57.250397,-3.000000,555.813477
58.459053,-3.000000,553.428772
59.535469,-3.000000,551.304932
61.808426,-3.000000,546.820312
63.075634,-3.000000,544.323669
105.157440,-3.000000,475.233307
106.878876,-3.000000,473.196777
108.013329,-3.000000,471.882355
110.979156,-3.000000,468.595856
112.808777,-3.000000,466.623810
114.574570,-3.000000,464.767548
176.773163,-3.000000,416.215698
178.971634,-3.000000,415.034851
182.605835,-3.000000,413.161224
184.850586,-3.000000,412.032776
186.752640,-3.000000,411.095886
190.478699,-3.000000,409.325745
264.648895,-3.000000,381.739227
266.472961,-3.000000,381.248383
270.398987,-3.000000,380.262085
272.494232,-3.000000,379.755310
274.598602,-3.000000,379.264740
278.715881,-3.000000,378.367462
280.845215,-3.000000,377.919495
348.992615,-3.000000,367.213898
350.968567,-3.000000,366.925385
353.345428,-3.000000,366.578308
357.589020,-3.000000,365.958649
359.968689,-3.000000,365.611176
362.078308,-3.000000,365.304108
364.182434,-3.000000,364.999725
470.068939,-3.000000,364.121948
472.018311,-3.000000,364.452881
473.961823,-3.000000,364.788666
475.785980,-3.000000,365.108246
479.301819,-3.000000,365.737823
481.337311,-3.000000,366.105988
483.254547,-3.000000,366.455170
556.636780,-3.000000,375.856689
558.450012,-3.000000,375.932129
560.381958,-3.000000,376.006958
564.152283,-3.000000,376.134979
565.984985,-3.000000,376.193665
568.167908,-3.000000,376.259552
641.790527,-3.000000,371.198059
643.662720,-3.000000,370.798096
645.758911,-3.000000,370.338013
647.195007,-3.000000,370.017548
650.852844,-3.000000,369.170624
652.740601,-3.000000,368.726105
654.631897,-3.000000,368.274139
724.711548,-3.000000,350.017334
726.470825,-3.000000,349.498199
730.107361,-3.000000,348.386505
731.982971,-3.000000,347.803528
733.861023,-3.000000,347.211060
735.520203,-3.000000,346.681519
739.403870,-3.000000,345.412476
741.293335,-3.000000,344.788910
799.807800,-3.000000,324.576141
801.687256,-3.000000,323.877411
805.088135,-3.000000,322.583008
807.053650,-3.000000,321.823639
809.129700,-3.000000,321.007690
812.521301,-3.000000,319.641022
814.601990,-3.000000,318.790924
867.823669,-3.000000,295.383606
871.128174,-3.000000,293.842590
872.932678,-3.000000,292.993591
874.729248,-3.000000,292.139923
876.517517,-3.000000,291.280853
880.201782,-3.000000,289.467285
882.518982,-3.000000,288.310638
884.205261,-3.000000,287.461243
920.765747,-3.000000,268.258972
922.450134,-3.000000,267.353546
924.336914,-3.000000,266.332703
927.870300,-3.000000,264.393799
930.245850,-3.000000,263.075928
971.000977,-3.000000,237.113922
972.687195,-3.000000,235.891693
976.914185,-3.000000,232.720001
978.464111,-3.000000,231.540009
980.090881,-3.000000,230.281128
981.347046,-3.000000,229.295746
1017.718811,-3.000000,191.483002
1018.869202,-3.000000,189.924377
1021.096191,-3.000000,186.778320
1022.125854,-3.000000,185.290253
1024.173828,-3.000000,182.192154
1046.771118,-3.000000,131.798264
1047.390015,-3.000000,129.887711
1048.002441,-3.000000,127.969627
1049.169922,-3.000000,124.219063
1049.731567,-3.000000,122.394432
1073.279053,-3.000000,35.025887
1073.733276,-3.000000,32.973423
1074.102417,-3.000000,31.265181
1074.845459,-3.000000,27.630644
1075.204834,-3.000000,25.815622
1075.572144,-3.000000,23.889595
1076.254395,-3.000000,20.006811
1083.501099,-3.000000,-45.142048
1083.705811,-3.000000,-47.300137
1083.910889,-3.000000,-49.462914
1084.129272,-3.000000,-51.766144
1084.555176,-3.000000,-56.256649
1084.788086,-3.000000,-58.712166
1085.021484,-3.000000,-61.173618
1085.434326,-3.000000,-65.527046
1085.664673,-3.000000,-67.969269
1085.854492,-3.000000,-69.999901
1088.125244,-3.000000,-163.853760
1088.020386,-3.000000,-165.977798
1087.897705,-3.000000,-168.239105
1087.621704,-3.000000,-172.645721
1087.470459,-3.000000,-174.920303
1087.146484,-3.000000,-179.352798
1081.920776,-3.000000,-241.617035
1081.691406,-3.000000,-244.323288
1081.497925,-3.000000,-246.606735
1081.109375,-3.000000,-251.191635
1080.903564,-3.000000,-253.620193
1080.697144,-3.000000,-256.041534
1080.314575,-3.000000,-260.432556
1057.439941,-3.000000,-394.785004
1056.094238,-3.000000,-399.049530
1055.336304,-3.000000,-401.366089
1053.967773,-3.000000,-405.328979
1053.149902,-3.000000,-407.627930
1052.405518,-3.000000,-409.669983
1013.721497,-3.000000,-496.473175
1012.730408,-3.000000,-498.623047
1011.737427,-3.000000,-500.777039
1009.618774,-3.000000,-505.372833
1008.494751,-3.000000,-507.811096
1007.619080,-3.000000,-509.710663
1005.546875,-3.000000,-514.205750
1004.540283,-3.000000,-516.389282
969.771484,-3.000000,-591.810425
968.699524,-3.000000,-594.135742
967.423889,-3.000000,-596.902832
966.482483,-3.000000,-598.944885
964.255432,-3.000000,-603.775818
963.106018,-3.000000,-606.269165
961.886597,-3.000000,-608.914368
912.939941,-3.000000,-701.514709
911.518494,-3.000000,-703.906921
910.174133,-3.000000,-706.155212
908.906128,-3.000000,-708.260925
906.195190,-3.000000,-712.686340
904.834351,-3.000000,-714.886047
903.547791,-3.000000,-716.944214
862.658691,-3.000000,-776.194214
861.145081,-3.000000,-778.311401
859.719666,-3.000000,-780.294373
856.951538,-3.000000,-784.097595
855.430420,-3.000000,-786.170776
852.462830,-3.000000,-790.145813
850.566589,-3.000000,-792.654114
787.343689,-3.000000,-861.060669
785.217896,-3.000000,-862.984314
783.503845,-3.000000,-864.515137
781.559692,-3.000000,-866.228149
778.499939,-3.000000,-868.873230
776.519104,-3.000000,-870.566406
774.859497,-3.000000,-871.973022
723.336365,-3.000000,-911.895386
719.871216,-3.000000,-914.184021
717.785828,-3.000000,-915.533264
716.043091,-3.000000,-916.640015
713.944336,-3.000000,-917.941589
662.223083,-3.000000,-939.652771
659.962891,-3.000000,-940.243774
655.674683,-3.000000,-941.297302
653.252258,-3.000000,-941.871704
650.548523,-3.000000,-942.489075
646.330078,-3.000000,-943.400574
570.451294,-3.000000,-954.105835
567.893860,-3.000000,-954.210938
565.745361,-3.000000,-954.278076
561.292786,-3.000000,-954.328430
559.129272,-3.000000,-954.331482
556.961243,-3.000000,-954.314392
552.471558,-3.000000,-954.202393
501.541534,-3.000000,-949.397583
499.208008,-3.000000,-949.073669
494.846130,-3.000000,-948.427795
492.673004,-3.000000,-948.094727
490.373077,-3.000000,-947.728210
486.076508,-3.000000,-946.991455
483.803467,-3.000000,-946.585327
481.407715,-3.000000,-946.137695
421.526886,-3.000000,-926.167847
419.654694,-3.000000,-925.309204
416.067322,-3.000000,-923.628174
413.853638,-3.000000,-922.575500
411.653473,-3.000000,-921.512451
407.905792,-3.000000,-919.648865
405.863739,-3.000000,-918.615784
403.835419,-3.000000,-917.570618
399.834717,-3.000000,-915.431519
339.301910,-3.000000,-868.360229
337.778748,-3.000000,-866.759338
336.364258,-3.000000,-865.242310
334.883911,-3.000000,-863.618225
332.175720,-3.000000,-860.520935
330.516968,-3.000000,-858.567200
329.454224,-3.000000,-857.289001
326.849609,-3.000000,-853.998474
325.536438,-3.000000,-852.288696
298.037811,-3.000000,-802.366211
296.762238,-3.000000,-799.379639
295.910828,-3.000000,-797.348877
294.366486,-3.000000,-793.526428
293.425873,-3.000000,-791.136902
291.347168,-3.000000,-785.522156
290.615051,-3.000000,-783.490540
289.863159,-3.000000,-781.338318
289.214264,-3.000000,-779.424194
278.309204,-3.000000,-729.383667
278.055298,-3.000000,-727.492798
277.799561,-3.000000,-725.479370
277.545898,-3.000000,-723.343933
277.132996,-3.000000,-719.338684
276.902466,-3.000000,-716.841003
276.699860,-3.000000,-714.333740
276.460144,-3.000000,-710.679138
276.643860,-3.000000,-661.115112
276.725372,-3.000000,-658.883728
276.805359,-3.000000,-656.789490
276.934631,-3.000000,-653.661438
277.187927,-3.000000,-648.356812
277.306519,-3.000000,-646.035400
277.433594,-3.000000,-643.721558
277.594849,-3.000000,-641.032410
277.835297,-3.000000,-637.465454
287.157410,-3.000000,-577.554871
287.611542,-3.000000,-575.607971
288.649017,-3.000000,-571.385559
289.226685,-3.000000,-569.104553
289.629303,-3.000000,-567.549255
290.733521,-3.000000,-563.519226
291.334045,-3.000000,-561.396790
291.846375,-3.000000,-559.636108
292.993225,-3.000000,-555.917114
293.657257,-3.000000,-553.837708
294.302277,-3.000000,-551.885498
295.619568,-3.000000,-548.140259
296.359985,-3.000000,-546.111755
297.123383,-3.000000,-544.098267
298.503357,-3.000000,-540.675537
299.282501,-3.000000,-538.813538
300.085052,-3.000000,-536.967285
300.811371,-3.000000,-535.350769
327.520081,-3.000000,-494.692627
328.839539,-3.000000,-493.151672
330.173401,-3.000000,-491.616272
332.650238,-3.000000,-488.832642
334.102844,-3.000000,-487.221497
336.538513,-3.000000,-484.572937
339.566528,-3.000000,-481.364319
341.046295,-3.000000,-479.818054
395.687622,-3.000000,-434.485779
397.431610,-3.000000,-433.319458
400.352539,-3.000000,-431.426575
402.013062,-3.000000,-430.371674
403.777618,-3.000000,-429.275543
405.351532,-3.000000,-428.318573
408.753906,-3.000000,-426.341675
410.367920,-3.000000,-425.424591
459.664703,-3.000000,-403.158722
461.746002,-3.000000,-402.331818
463.821381,-3.000000,-401.508118
465.775970,-3.000000,-400.732361
471.021393,-3.000000,-398.641663
473.067078,-3.000000,-397.823853
476.793182,-3.000000,-396.322449
494.156036,-3.000000,-389.085846
495.859741,-3.000000,-388.360291
499.395111,-3.000000,-386.850555
501.338623,-3.000000,-386.020599
505.013916,-3.000000,-384.451080
507.086609,-3.000000,-383.565948
510.904541,-3.000000,-381.935516
543.730713,-3.000000,-367.722626
547.292297,-3.000000,-366.085144
549.395569,-3.000000,-365.105438
552.686951,-3.000000,-363.537964
554.650635,-3.000000,-362.589050
556.386963,-3.000000,-361.738190
560.034119,-3.000000,-359.895355
562.058228,-3.000000,-358.853363
601.460632,-3.000000,-331.824036
603.011902,-3.000000,-330.365936
604.379272,-3.000000,-329.046631
619.880371,-3.000000,-311.268555
620.910339,-3.000000,-309.879486
622.045288,-3.000000,-308.305511
648.609131,-3.000000,-248.948578
649.151367,-3.000000,-246.239685
649.477905,-3.000000,-244.497986
650.008362,-3.000000,-241.306259
650.330017,-3.000000,-239.179230
650.546692,-3.000000,-237.632843
650.876221,-3.000000,-234.929520
647.639038,-3.000000,-182.915741
647.315552,-3.000000,-181.587616
646.956726,-3.000000,-180.176926
646.264099,-3.000000,-177.639603
645.791504,-3.000000,-175.986038
643.581360,-3.000000,-169.156647
621.433777,-3.000000,-126.661140
620.570251,-3.000000,-125.504822
619.696411,-3.000000,-124.359016
617.054443,-3.000000,-121.069962
615.984253,-3.000000,-119.769073
615.174072,-3.000000,-118.801842
613.525879,-3.000000,-116.899864
533.057800,-3.000000,-65.922417
531.424622,-3.000000,-65.448776
530.193481,-3.000000,-65.100685
528.624268,-3.000000,-64.670540
524.855652,-3.000000,-63.705620
523.424622,-3.000000,-63.348972
522.071350,-3.000000,-63.019859
520.711914,-3.000000,-62.696880
486.019470,-3.000000,-56.025192
484.434845,-3.000000,-55.747440
482.657379,-3.000000,-55.435886
480.024048,-3.000000,-54.974312
478.325439,-3.000000,-54.676579
476.811005,-3.000000,-54.411129
473.668152,-3.000000,-53.860245
420.707245,-3.000000,-45.151165
418.960846,-3.000000,-44.927406
417.305786,-3.000000,-44.719517
415.547058,-3.000000,-44.502621
412.598633,-3.000000,-44.148354
410.823456,-3.000000,-43.937763
409.141510,-3.000000,-43.740055
330.800995,-3.000000,-36.586128
327.980164,-3.000000,-36.492241
326.198822,-3.000000,-36.434284
324.517609,-3.000000,-36.380180
320.817871,-3.000000,-36.261116
319.015625,-3.000000,-36.203117
210.053940,-3.000000,-35.241188
208.184998,-3.000000,-35.311329
206.200287,-3.000000,-35.386642
204.209732,-3.000000,-35.462177
200.764191,-3.000000,-35.592922
198.757706,-3.000000,-35.669060
197.081573,-3.000000,-35.732662
85.104836,-3.000000,-41.308079
83.163788,-3.000000,-41.469833
79.018219,-3.000000,-41.815296
76.817665,-3.000000,-41.998676
74.734161,-3.000000,-42.172302
71.041161,-3.000000,-42.480049
69.190605,-3.000000,-42.634262
67.212067,-3.000000,-42.799141
-12.120996,-3.000000,-49.410210
-14.145702,-3.000000,-49.578934
-19.710211,-3.000000,-50.042641
-29.575516,-3.000000,-50.864746
-31.497303,-3.000000,-51.024895
-33.698250,-3.000000,-51.208305
-119.320457,-3.000000,-58.343460
-121.847549,-3.000000,-58.554050
-124.230606,-3.000000,-58.752636
-129.315460,-3.000000,-59.176373
-132.163513,-3.000000,-59.413708
-134.566483,-3.000000,-59.613956
-139.390900,-3.000000,-60.015991
-142.110489,-3.000000,-60.242622
-144.835922,-3.000000,-60.469742
-146.807343,-3.000000,-60.634026
-252.331802,-3.000000,-69.427689
-255.119965,-3.000000,-69.660034
-260.386749,-3.000000,-70.098930
-263.355164,-3.000000,-70.346298
-265.832916,-3.000000,-70.552773
-271.303619,-3.000000,-71.008659
-274.293488,-3.000000,-71.257812
-277.289215,-3.000000,-71.507454
-282.465851,-3.000000,-71.938835
-285.309875,-3.000000,-72.175835
-288.159119,-3.000000,-72.413269
-386.240601,-3.000000,-80.586708
-389.269104,-3.000000,-80.839081
-392.124084,-3.000000,-81.076996
-394.983673,-3.000000,-81.315292
-401.081207,-3.000000,-81.823418
-404.135193,-3.000000,-82.077919
-407.194397,-3.000000,-82.332855
-413.152527,-3.000000,-82.829361
-416.227081,-3.000000,-83.085571
-419.669861,-3.000000,-83.372467
